[runlim] version:		1.10
[runlim] time limit:		311040000 seconds
[runlim] real time limit:	311040000 seconds
[runlim] space limit:		32164 MB
[runlim] argv[0]:		CoSA
[runlim] argv[1]:		--problems
[runlim] argv[2]:		cosa/single.txt
[runlim] argv[3]:		-v
[runlim] argv[4]:		2
[runlim] start:			Wed Apr  3 09:11:40 2019
[runlim] main pid:		3318
Parsing file "cosa/ridecore.vlist"... 
Reading source files from "ridecore.vlist"... 
[runlim] sample:		10.0 time, 10.7 real, 199.1 MB
[runlim] sample:		0.5 time, 20.7 real, 53.6 MB
WARNING: Unlinked nodes "10047,10101,10117,10133,10163,10193,10194,10195,10196,10197,10198,10199,10200,10201,10202,10203,10204,10205,10206,10207,10208,10209,10210,10211,10212,10213,10214,10215,10216,10217,10218,10219,10220,10221,10222,10223,10231,10232,10233,10241,10249,10250,10251,10252,10253,10254,10255,10256,10257,10258,10259,10260,10261,10262,10263,10264,10265,10266,10267,10268,10269,10270,10271,10272,10273,10274,10275,10276,10277,10278,10279,10280,10281,10282,10283,10284,10285,10286,10287,10288,10289,10294,10296,10301,10303,10305,10307,10309,10311,10313,10315,10317,10319,10321,10322,10323,10324,10325,10326,10327,10328,10329,10330,10331,10332,10333,10334,10335,10336,10337,10338,10339,1034,10340,10341,10342,10343,10344,10345,10346,10347,10348,10349,10350,10351,10359,10360,10361,10369,10377,10378,10379,10380,10381,10382,10383,10384,10385,10386,10387,10388,10389,10390,10391,10392,10393,10394,10395,10396,10397,10398,10399,10400,10401,10402,10403,10404,10405,10406,10407,10408,10409,10410,10411,10412,10413,10414,10415,10416,10417,10422,10424,10429,10431,10433,10435,10437,10439,10441,10443,10445,10447,10449,1045,10450,10451,10452,10453,10454,10455,10456,10457,10458,10459,10460,10461,10462,10463,10464,10465,10466,10467,10468,10469,10470,10471,10472,10473,10474,10475,10476,10477,10478,10479,10487,10488,10489,1049,10497,10505,10506,10507,10508,10509,10510,10511,10512,10513,10514,10515,10516,10517,10518,10519,1052,10520,10521,10522,10523,10524,10525,10526,10527,10528,10529,10530,10531,10532,10533,10534,10535,10536,10537,10538,10539,1054,10540,10541,10542,10543,10544,10545,10550,10552,10557,10559,10561,10563,10565,10567,10569,10571,10573,10575,10577,10578,10579,10580,10581,10582,10583,10584,10585,10586,10587,10588,10589,10590,10591,10592,10593,10594,10595,10596,10597,10598,10599,10600,10601,10602,10603,10604,10605,10606,10607,1061,10615,10616,10617,10625,10633,10634,10635,10636,10637,10638,10639,10640,10641,10642,10643,10644,10645,10646,10647,10648,10649,10650,10651,10652,10653,10654,10655,10656,10657,10658,10659,1066,10660,10661,10662,10663,10664,10665,10666,10667,10668,10669,10670,10671,10672,10673,10677,10679,10683,10685,10687,10689,10691,10693,10695,10697,10699,1070,10701,10703,10704,10705,10706,10707,10708,10709,10710,10711,10712,10713,10714,10715,10716,10717,10718,10719,1072,10720,10721,10722,10723,10724,10725,10726,10727,10728,10729,10730,10731,10732,10733,10741,10742,10743,10751,10759,1076,10760,10761,10762,10763,10764,10765,10766,10767,10768,10769,10770,10771,10772,10773,10774,10775,10776,10777,10778,10779,10780,10781,10782,10783,10784,10785,10786,10787,10788,10789,1079,10790,10791,10792,10793,10794,10795,10796,10797,10798,10799,10803,10805,10809,10811,10813,10815,10817,10819,1082,10821,10823,10825,10827,10829,10830,10831,10832,10833,10834,10835,10836,10837,10838,10839,1084,10840,10841,10842,10843,10844,10845,10846,10847,10848,10849,10850,10851,10852,10853,10854,10855,10856,10857,10858,10859,1086,10867,10868,10869,10877,10885,10886,10887,10888,10889,1089,10890,10891,10892,10893,10894,10895,10896,10897,10898,10899,10900,10901,10902,10903,10904,10905,10906,10907,10908,10909,1091,10910,10911,10912,10913,10914,10915,10916,10917,10918,10919,10920,10921,10922,10923,10924,10925,10929,1093,10931,10935,10937,10939,10941,10943,10945,10947,10949,1095,10951,10953,10955,10956,10957,10958,10959,10960,10961,10962,10963,10964,10965,10966,10967,10968,10969,1097,10970,10971,10972,10973,10974,10975,10976,10977,10978,10979,10980,10981,10982,10983,10984,10985,10993,10994,10995,11003,11011,11012,11013,11014,11015,11016,11017,11018,11019,11020,11021,11022,11023,11024,11025,11026,11027,11028,11029,11030,11031,11032,11033,11034,11035,11036,11037,11038,11039,1104,11040,11041,11042,11043,11044,11045,11046,11047,11048,11049,11050,11051,11055,11057,11061,11063,11065,11067,11069,1107,11071,11073,11075,11077,11079,11081,11082,11083,11084,11085,11086,11087,11088,11089,1109,11090,11091,11092,11093,11094,11095,11096,11097,11098,11099,11100,11101,11102,11103,11104,11105,11106,11107,11108,11109,1111,11110,11111,11112,11113,11114,11115,11116,11117,11118,11119,1113,11167,1118,11191,11192,11193,11194,11195,11196,11197,11198,11199,11200,11201,11202,11203,11204,11205,11206,11207,11208,11209,1121,11210,11211,11212,11213,11214,11215,11216,11217,11218,11219,11220,11228,11229,1123,11230,11231,11232,11233,11234,11235,11236,11237,11253,11254,11255,11256,11264,11265,11266,11267,11268,11269,11270,11271,11272,11280,11281,11282,11283,11284,11285,11286,11287,11288,11296,11297,11298,11299,11300,11301,11302,11303,11304,11305,11306,11307,11308,11309,11310,11311,11312,11313,11314,11315,11316,11317,11318,1132,11326,11334,11335,11336,11337,11338,11339,11340,11341,11342,11343,11344,11345,11346,11347,11348,11349,11350,11351,11352,11353,11354,11355,11356,11357,11358,11359,11360,11361,11362,11363,11364,11365,11366,11367,11368,11369,11370,11371,11372,11373,11374,11375,11376,11377,11378,11379,11380,11381,11382,11383,11384,11385,11386,11387,11388,11389,11390,11391,11392,11393,11394,11395,11396,11397,11398,11399,11407,11408,11409,11417,11425,11426,11427,11428,11429,11430,11431,11432,11433,11434,11435,11436,11437,11438,11439,11440,11441,11442,11443,11444,11445,11446,11447,11448,11449,11450,11451,11452,11453,11454,11455,11456,11457,11458,11459,1146,11460,11461,11462,11463,11464,11465,11471,11473,1148,11480,11482,11484,11486,11488,1149,11490,11492,11494,11496,11498,1150,11500,11501,11502,11503,11504,11505,11506,11507,11508,11509,1151,11510,11511,11512,11513,11514,11515,11516,11517,11518,11519,11520,11521,11522,11523,11524,11525,11526,11527,11528,11529,1153,11530,11538,11539,1154,11540,11548,1155,11556,11557,11558,11559,1156,11560,11561,11562,11563,11564,11565,11566,11567,11568,11569,11570,11571,11572,11573,11574,11575,11576,11577,11578,11579,1158,11580,11581,11582,11583,11584,11585,11586,11587,11588,11589,11590,11591,11592,11593,11594,11595,11596,1160,11601,11603,11608,1161,11610,11612,11614,11616,11618,11620,11622,11624,11626,11628,11629,1163,11630,11631,11632,11633,11634,11635,11636,11637,11638,11639,1164,11640,11641,11642,11643,11644,11645,11646,11647,11648,11649,1165,11650,11651,11652,11653,11654,11655,11656,11657,11658,1166,11666,11667,11668,1167,11676,1168,11684,11685,11686,11687,11688,11689,1169,11690,11691,11692,11693,11694,11695,11696,11697,11698,11699,11700,11701,11702,11703,11704,11705,11706,11707,11708,11709,11710,11711,11712,11713,11714,11715,11716,11717,11718,11719,11720,11721,11722,11723,11724,11729,11731,11736,11738,11740,11742,11744,11746,11748,11750,11752,11754,11756,11757,11758,11759,11760,11761,11762,11763,11764,11765,11766,11767,11768,11769,11770,11771,11772,11773,11774,11775,11776,11777,11778,11779,11780,11781,11782,11783,11784,11785,11786,11794,11795,11796,11804,11812,11813,11814,11815,11816,11817,11818,11819,11820,11821,11822,11823,11824,11825,11826,11827,11828,11829,11830,11831,11832,11833,11834,11835,11836,11837,11838,11839,11840,11841,11842,11843,11844,11845,11846,11847,11848,11849,11850,11851,11852,11857,11859,11864,11866,11868,1187,11870,11872,11874,11876,11878,11880,11882,11884,11885,11886,11887,11888,11889,11890,11891,11892,11893,11894,11895,11896,11897,11898,11899,11900,11901,11902,11903,11904,11905,11906,11907,11908,11909,11910,11911,11912,11913,11914,11922,11923,11924,11932,11940,11941,11942,11943,11944,11945,11946,11947,11948,11949,11950,11951,11952,11953,11954,11955,11956,11957,11958,11959,11960,11961,11962,11963,11964,11965,11966,11967,11968,11969,11970,11971,11972,11973,11974,11975,11976,11977,11978,11979,1198,11980,11984,11986,11990,11992,11994,11996,11998,12000,12002,12004,12006,12008,12010,12011,12012,12013,12014,12015,12016,12017,12018,12019,12020,12021,12022,12023,12024,12025,12026,12027,12028,12029,12030,12031,12032,12033,12034,12035,12036,12037,12038,12039,12040,12048,12049,12050,12058,12066,12067,12068,12069,12070,12071,12072,12073,12074,12075,12076,12077,12078,12079,12080,12081,12082,12083,12084,12085,12086,12087,12088,12089,1209,12090,12091,12092,12093,12094,12095,12096,12097,12098,12099,12100,12101,12102,12103,12104,12105,12106,12110,12112,12116,12118,12120,12122,12124,12126,12128,12130,12132,12134,12136,12137,12138,12139,12140,12141,12142,12143,12144,12145,12146,12147,12148,12149,12150,12151,12152,12153,12154,12155,12156,12157,12158,12159,12160,12161,12162,12163,12164,12165,12166,12174,12175,12176,12184,12192,12193,12194,12195,12196,12197,12198,12199,1220,12200,12201,12202,12203,12204,12205,12206,12207,12208,12209,12210,12211,12212,12213,12214,12215,12216,12217,12218,12219,12220,12221,12222,12223,12224,12225,12226,12227,12228,12229,12230,12231,12232,12236,12238,12242,12244,12246,12248,12250,12252,12254,12256,12258,12260,12262,12263,12264,12265,12266,12267,12268,12269,12270,12271,12272,12273,12274,12275,12276,12277,12278,12279,12280,12281,12282,12283,12284,12285,12286,12287,12288,12289,12290,12291,12292,12300,12301,12302,12310,12318,12319,12320,12321,12322,12323,12324,12325,12326,12327,12328,12329,12330,12331,12332,12333,12334,12335,12336,12337,12338,12339,12340,12341,12342,12343,12344,12345,12346,12347,12348,12349,12350,12351,12352,12353,12354,12355,12356,12357,12358,12362,12364,12368,12370,12372,12374,12376,12378,12380,12382,12384,12386,12388,12389,12390,12391,12392,12393,12394,12395,12396,12397,12398,12399,12400,12401,12402,12403,12404,12405,12406,12407,12408,12409,12410,12411,12412,12413,12414,12415,12416,12417,12418,12419,12420,12421,12422,12423,12424,12425,12426,12474,12498,12499,12500,12501,12502,12503,12504,12505,12506,12507,12508,12509,12510,12511,12512,12513,12514,12515,12516,12517,12518,12519,12520,12521,12522,12523,12524,12525,12526,12527,12535,12536,12537,12538,12539,12540,12541,12542,12543,12544,12560,12561,12562,12563,12571,12572,12573,12574,12575,12576,12577,12578,12579,12587,12588,12589,1259,12590,12591,12592,12593,12594,12595,1260,12603,12604,12605,12606,12607,12608,12609,1261,12610,12611,12612,12613,12614,12615,12616,12617,12618,12619,1262,12620,12621,12622,12623,12624,12625,12626,12627,12628,12629,12630,12631,12632,12633,12634,12635,12636,12637,12638,12639,12640,12641,12642,12643,12644,12645,12646,12647,12648,12649,12650,12651,12652,12653,12654,12655,12656,12657,12658,12659,12660,12661,12662,12663,12664,12665,12666,12667,12668,12669,12670,12671,12672,12673,12674,12675,12676,12677,12678,12679,12680,12681,12682,12683,12684,12685,12693,12694,12695,12696,12697,12698,12699,12700,12701,12702,12703,12704,12705,12706,12707,12708,12709,12710,12711,12712,12713,12714,12715,12716,12717,12718,12719,12720,12721,12722,12723,12724,12725,12726,12727,12728,12729,12730,12731,12732,12733,12734,12735,12736,12742,12744,12751,12753,12755,12757,12759,12761,12763,12765,12767,12769,12771,12772,12773,12774,12775,12776,12777,12778,12779,12780,12781,12782,12783,12784,12785,12786,12787,12788,12789,12790,12791,12792,12793,12794,12795,12796,12797,12798,12799,12800,12801,12802,12810,12811,12812,12813,12814,12815,12816,12817,12818,12819,12820,12821,12822,12823,12824,12825,12826,12827,12828,12829,12830,12831,12832,12833,12834,12835,12836,12837,12838,12839,12840,12841,12842,12843,12844,12845,12846,12847,12848,12849,12850,12851,12852,12853,12858,12860,12865,12867,12869,12871,12873,12875,12877,12879,12881,12883,12885,12886,12887,12888,12889,12890,12891,12892,12893,12894,12895,12896,12897,12898,12899,12900,12901,12902,12903,12904,12905,12906,12907,12908,12909,12910,12911,12912,12913,12914,12915,12916,12924,12925,12926,12927,12928,12929,12930,12931,12932,12933,12934,12935,12936,12937,12938,12939,12940,12941,12942,12943,12944,12945,12946,12947,12948,12949,12950,12951,12952,12953,12954,12955,12956,12957,12958,12959,12960,12961,12962,12963,12964,12965,12966,12967,12971,12973,12977,12979,12981,12983,12985,12987,12989,12991,12993,12995,12997,12998,12999,13000,13001,13002,13003,13004,13005,13006,13007,13008,13009,13010,13011,13012,13013,13014,13015,13016,13017,13018,13019,13020,13021,13022,13023,13024,13025,13026,13027,13028,13036,13037,13038,13039,13040,13041,13042,13043,13044,13045,13046,13047,13048,13049,13050,13051,13052,13053,13054,13055,13056,13057,13058,13059,13060,13061,13062,13063,13064,13065,13066,13067,13068,13069,13070,13071,13072,13073,13074,13075,13076,13077,13078,13079,13083,13085,13089,13091,13093,13095,13097,13099,13101,13103,13105,13107,13109,13110,13111,13112,13113,13114,13115,13116,13117,13118,13119,13120,13121,13122,13123,13124,13125,13126,13127,13128,13129,13130,13131,13132,13133,13134,13135,13136,13137,13138,13139,13140,13141,13142,13143,13144,13145,13146,13147,13148,13149,13150,13151,13152,13153,13154,13155,13156,13157,13158,13159,13160,13161,13162,13163,13164,13165,13166,13170,13171,13172,13173,13174,13175,13179,13180,13181,13182,13183,13184,13185,13186,13187,13188,13189,1319,13190,13191,13192,13193,13194,13195,13196,13197,13198,13199,1320,13200,13201,13202,13203,13204,13205,13206,13207,13208,13209,1321,13210,13211,13212,13213,13214,13215,13216,13217,13218,13219,13220,13221,13222,13223,13224,13225,13226,13227,13228,13229,13230,13231,13232,13233,13234,13235,13236,13237,13238,13239,13240,13241,13242,13243,13244,13245,13246,13247,13248,13249,13250,13258,13259,13260,13261,13262,13263,13264,13265,13266,13267,13268,13269,13270,13271,13272,13273,13274,13275,13276,13277,13278,13279,13280,13281,13282,13283,13284,13285,13286,13287,13288,13289,13290,13291,13292,13293,13294,13295,13296,13297,13298,13299,13300,13301,13307,1331,13314,13316,13318,1332,13320,13322,13324,13326,13328,13329,1333,13330,13331,13332,13333,13334,13335,13336,13337,13338,13339,13340,13341,13342,13343,13344,13345,13346,13347,13348,13349,13350,13351,13352,13353,13354,13355,13363,13364,13365,13366,13367,13368,13369,13370,13371,13372,13373,13374,13375,13376,13377,13378,13379,13380,13381,13382,13383,13384,13385,13386,13387,13388,13389,13390,13391,13392,13393,13394,13395,13396,13397,13398,13399,13400,13401,13402,13403,13404,13405,13406,13411,13416,13418,1342,13420,13422,13424,13426,13428,13430,13431,13432,13433,13434,13435,13436,13437,13438,13439,13440,13441,13442,13443,13444,13445,13446,13447,13448,13449,13450,13451,13452,13453,13454,13455,13456,13457,13465,13466,13467,13468,13469,1347,13470,13471,13472,13473,13474,13475,13476,13477,13478,13479,13480,13481,13482,13483,13484,13485,13486,13487,13488,13489,13490,13491,13492,13493,13494,13495,13496,13497,13498,13499,13500,13501,13502,13503,13504,13505,13506,13507,13508,13512,13516,13518,13520,13522,13524,13526,13528,13530,13531,13532,13533,13534,13535,13536,13537,13538,13539,13540,13541,13542,13543,13544,13545,13546,13547,13548,13549,13550,13551,13552,13553,13554,13555,13556,13557,13565,13566,13567,13568,13569,13570,13571,13572,13573,13574,13575,13576,13577,13578,13579,13580,13581,13582,13583,13584,13585,13586,13587,13588,13589,13590,13591,13592,13593,13594,13595,13596,13597,13598,13599,13600,13601,13602,13603,13604,13605,13606,13607,13608,1361,13612,13616,13618,13620,13622,13624,13626,13628,13630,13631,13632,13633,13634,13635,13636,13637,13638,13639,13640,13641,13642,13643,13644,13645,13646,13647,13648,13649,13650,13651,13652,13653,13654,13655,13656,13668,13669,13670,13671,13672,13673,13674,13675,13676,13677,13678,13679,13680,13681,13682,13683,13684,13688,13689,13690,13691,13692,13708,13709,13710,13711,13715,13716,13717,13718,13719,13720,13721,13722,13723,13724,13725,13726,13727,13728,13729,13730,13731,13732,13733,13734,13735,13736,13737,13738,13739,13740,13741,13742,13743,13744,13745,13746,13747,13748,13749,13750,13751,13752,13753,13754,13755,13756,13757,13758,13759,13760,13761,13762,13763,13764,13765,13766,13767,13768,13769,13770,13771,13772,13773,13774,13775,13783,13791,13799,13800,13808,13809,13817,13818,13819,13820,13821,13822,13823,13824,13825,13826,13827,13828,13829,13830,13831,13832,13833,13834,13835,13836,13837,13838,13839,13840,13841,13842,13843,13844,13845,13846,13847,13848,13849,13850,13851,13852,13853,13854,13855,13856,13857,13862,13868,13870,13874,13876,13878,13880,13882,13884,13886,13888,13889,13890,13891,13892,13893,13894,13895,13896,13897,13898,13899,13900,13901,13902,13903,13904,13905,13906,13907,13908,13909,13910,13911,13912,13913,13914,13922,13930,13938,13939,13947,13948,13956,13957,13958,13959,13960,13961,13962,13963,13964,13965,13966,13967,13968,13969,13970,13971,13972,13973,13974,13975,13976,13977,13978,13979,13980,13981,13982,13983,13984,13985,13986,13987,13988,13989,13990,13991,13992,13993,13994,13995,13996,13999,14002,14004,14006,14008,14010,14012,14014,14016,14018,14020,14021,14022,14023,14024,14025,14026,14027,14028,14029,14030,14031,14032,14033,14034,14035,14036,14048,14054,14055,14056,14057,14058,14059,14060,14061,14062,14063,14064,14065,14066,14067,14069,14070,14071,14073,14074,14075,14091,14092,14093,14094,14096,14097,14098,14100,14101,14102,14104,14105,14106,14107,14108,14109,14110,14111,14112,14113,14114,14115,14116,14117,14118,14119,14120,14121,14122,14123,14124,14125,14126,14127,14128,14129,14130,14131,14132,14133,14134,14135,14136,14137,14138,14139,14140,14141,14142,14143,14144,14145,14146,14147,14148,14149,14150,14151,14152,14153,14154,14155,14156,14157,14158,14159,14160,14162,14163,14165,14166,14167,14168,14169,14170,14171,14172,14173,14174,14175,14176,14177,14178,14179,14180,14181,14182,14183,14184,14185,14186,14187,14188,14189,14190,14191,14192,14193,14194,14195,14196,14197,14204,14205,14209,14213,14214,14215,14216,14217,14218,14231,14232,14233,14234,14235,14236,14237,14238,14239,14240,14275,14276,14277,14278,14279,14280,14281,14282,14283,14284,14285,14286,14287,14288,14289,14290,14291,14292,14293,14294,14295,14296,14297,14298,14299,14300,14301,14302,14303,14304,14305,14306,14307,14308,14309,14314,14315,14316,14317,14318,14319,14320,14321,14322,14323,14326,14327,14328,14329,14330,14331,14332,14333,14334,14335,14336,14337,14338,14339,14340,14341,14342,14343,14344,14345,14346,14347,14348,14349,14350,14351,14352,14353,14354,14355,14356,14357,14358,14359,1436,14360,14361,14362,14363,14364,14365,14366,14367,14368,14369,1437,14370,14371,14372,14373,14374,14375,14376,14377,14378,14379,14380,14381,14382,14390,14391,14393,14394,14395,14914,14915,14947,14948,14949,14950,14951,14952,14953,14954,14955,14956,14957,14958,14959,14960,14961,14962,14963,14964,14965,14966,14967,14968,14969,14970,14971,14972,14973,14974,14975,1499,15071,15072,15073,15074,15075,15077,15078,15079,1508,15080,15081,15082,15083,15084,15085,15086,15087,15088,15089,15090,15091,15092,15093,15094,15095,15096,15097,15098,15099,15100,15101,15102,15103,15104,15105,15106,15107,15108,15109,15110,15111,15112,15113,15114,15115,15116,15117,15118,15119,15120,15121,15122,15123,15124,15125,15126,15127,15128,15129,1513,15130,15131,15132,15133,15134,15135,15136,15137,15138,15139,1514,15140,15141,15142,15143,15144,15145,15146,15147,15148,15149,15150,15151,15152,15153,15154,15155,15156,15157,15158,15159,15160,15161,15164,15165,15168,15169,15170,15171,15172,15173,15174,15175,15176,15177,15178,15179,15180,15181,15182,15183,15184,15185,15186,15187,15188,15189,1519,15190,15191,15192,15193,15194,15195,15196,15197,15198,15199,1520,15200,15201,15202,15203,15204,15205,15206,15207,15208,15209,1521,15210,15211,15212,15213,15214,15215,15216,15217,15218,15219,1522,15220,15221,15222,15223,15224,15225,15226,15227,15228,15229,1523,15230,15231,15232,15233,15234,15235,15236,15237,15238,15239,15240,15241,15242,15243,15244,15245,15246,15247,15248,15249,15250,15251,15252,15253,15254,15255,15256,15257,15258,15259,1526,15260,15261,15262,15263,15264,15265,15266,15267,15268,15269,1527,15270,15271,15272,15273,15274,15275,15276,15277,15278,15279,1528,15281,15282,15283,15284,15285,15286,15287,15288,15289,1529,15290,15291,15292,15293,15294,15295,15296,15297,15298,15299,1530,15300,15301,15302,15303,15304,15305,15306,15307,15308,15309,1531,15310,15311,15312,15313,15314,15315,15316,15317,15318,15319,1532,15320,15321,15322,15323,15324,15325,15327,15328,15329,1533,15330,15331,15332,15333,15334,15335,15336,15337,15338,15339,1534,15340,15341,15342,15343,15344,15345,15346,15347,15348,15349,1535,15350,15351,15352,15353,15354,15355,15356,15359,1536,1537,15370,15371,1538,15385,1539,1540,15449,15482,15539,15571,15699,1940,1941,1942,1943,1952,1953,1954,1963,1968,1982,1996,2071,2072,2134,2143,2148,2149,2154,2155,2156,2157,2158,2159,2160,2161,2162,2163,2164,2165,2166,2167,2168,2169,2170,2171,2172,2173,2174,2175,2176,2177,2178,2179,2180,2197,2198,2199,2200,2201,2202,2203,2204,2205,2206,2207,2208,2209,2210,2211,2212,2213,2215,2216,2217,2218,2219,2220,2221,2222,2223,2224,2225,2226,2227,2228,2229,2230,2231,2232,2233,2234,2235,2238,2241,2242,2293,2301,2351,2359,2677,2995,3032,3044,3050,3051,3093,3095,3096,3097,3098,3099,3100,3101,3102,3103,3104,3105,3106,3107,3145,3146,3370,3371,3374,3377,3378,3379,3380,3381,3382,3383,3384,3385,3386,3387,3388,3389,3390,3391,3392,3393,3394,3402,3410,3418,3426,3434,3435,3436,3556,3633,3710,3787,3864,3895,3896,3929,3960,3991,4022,4053,4084,4085,4086,4087,4088,4089,4102,4106,4110,4114,4118,4123,4124,4125,4126,4127,4128,4129,4130,4131,4132,4133,4134,4135,4136,4137,4138,4139,4140,4141,4142,4143,4144,4145,4146,4147,4148,4149,4150,4151,4152,4153,4154,4158,4159,4160,4161,4162,4163,4164,4165,4166,4167,4168,4169,4170,4171,4172,4173,4174,4175,4176,4177,4178,4179,4180,4181,4182,4183,4184,4185,4186,4187,4188,4189,4190,4191,4192,4193,4194,4195,4196,4197,4198,4199,4200,4201,4202,4203,4204,4205,4206,4207,4208,4209,4210,4211,4212,4213,4214,4215,4216,4217,4218,4219,4220,4221,4222,4223,4315,4323,4363,4371,4379,4380,4381,4382,4397,440,441,449,4530,4663,4664,4665,4666,4667,4668,4669,4670,4671,4672,4673,4674,4675,4683,4691,4692,47,4700,4708,4716,4717,4725,4733,4741,4742,4743,4751,4759,4767,4768,4776,4784,4792,4800,4801,4802,4803,4811,4819,4820,4821,4829,4837,4845,4853,4861,4869,4877,4885,4886,4894,4902,4910,4911,4912,4920,4928,4936,4944,4952,49599,4960,4968,4969,4970,4971,4972,4973,4974,4975,4982,4992,4993,49939,5052,5053,5054,5055,5056,5064,5065,5066,5067,5068,5069,5075,5081,5082,5083,5084,5085,5086,5088,5089,5090,5091,5092,5093,5094,5095,5096,5097,5098,5099,5100,5101,5102,5103,5104,5110,5111,5112,5113,5114,5115,5116,5119,5120,5122,5123,5124,5134,5135,5147,5159,5172,5173,5175,5177,5179,5180,5186,5193,5194,5199,5204,5213,5214,5215,5216,5219,5220,5222,5223,5224,5233,5234,5246,5258,5271,5272,5274,5276,5278,5279,5285,5292,5293,5298,5303,5312,5313,5314,5315,5316,5317,5318,5319,5320,5321,5322,5323,5324,5388,5452,5484,5521,5575,5576,5578,6096,61,6432,6600,6768,6852,7188,7524,7692,7860,7944,7945,7946,7947,7948,7949,7950,7951,7952,7953,7954,7955,7956,7957,7958,7959,7960,7961,7962,7963,7964,7965,7966,7967,7968,7969,7972,7973,7974,7975,7976,7977,7979,798,7980,7981,7982,7983,7984,7985,8017,8049,8083,8084,818,819,820,821,8216,822,823,824,825,827,829,8347,839,8411,8475,850,8507,8539,8540,8541,8542,8543,8544,8545,8546,8547,8548,8549,8550,8551,8552,8553,8554,8555,8556,8557,8558,8560,8561,8562,8563,8564,8565,8569,8571,8573,8574,8575,8576,8577,8578,8579,8580,8581,8582,8583,8584,8585,8586,8587,8588,8596,8597,8598,8599,8600,8608,8609,8610,8612,8613,8614,8615,8616,8618,8619,8620,8621,8622,8623,8624,8640,8641,8642,8643,8644,8652,8653,8654,8655,8656,8664,8665,8666,8668,8669,8670,8671,8672,8674,8675,8676,8677,8678,8679,8680,8696,8697,8698,8700,8701,8702,8703,8704,8706,8707,8708,8709,8710,8711,8712,8713,8714,8715,8716,8717,8725,8726,8727,8728,8729,8737,8738,8739,8741,8742,8743,8744,8745,8747,8748,8749,8750,8751,8752,8753,8769,8770,8771,8772,8773,8781,8782,8783,8784,8785,8793,8794,8795,8797,8798,8799,8800,8801,8803,8804,8805,8806,8807,8808,8809,8825,8826,8827,8829,8830,8831,8832,8833,8835,8836,8837,8838,8839,8840,8841,8842,8843,8844,8845,8846,8868,8869,8870,8875,8876,8877,8878,8879,8880,8881,8882,8883,8884,8885,8886,8887,8888,8889,8890,8891,8892,8893,8894,8895,8896,8897,8898,8899,8900,8901,8902,8903,8904,8905,8906,8908,8909,8913,8914,8915,8916,892,8924,8925,8933,8934,8942,8943,8951,8952,8960,8961,8969,8970,8971,8972,8973,8974,8975,8976,8977,8981,8993,8996,9001,9002,9003,9004,9005,9027,9031,9032,9050,9053,9054,9072,9075,9076,9094,9097,9098,9114,9117,9118,9119,9120,9128,9186,9194,9226,9252,9276,9293,9317,9318,9382,9446,9478,9516,9524,9532,9533,9534,9535,9536,9538,9539,9540,9541,9542,9543,9544,9545,9546,9547,9548,9549,9550,9551,9552,9553,9554,9555,9556,9557,9558,9559,956,9560,9561,9562,9563,9564,9565,9573,9581,9589,9597,9605,9620,9621,9622,9623,9624,9625,9626,9627,9630,9633,9634,9635,9636,9640,9658,9659,9660,9661,9662,9663,9664,9668,9669,9670,9671,9672,9673,9674,9675,9676,9677,9678,9679,9680,9681,9682,9683,9684,9685,9686,9687,9688,9689,9690,9691,9692,9693,9694,9695,9696,9697,9698,9699,9700,9701,9702,9703,9704,9705,9706,9707,9708,9709,9710,9711,9712,9714,9715,9723,9731,9763,9764,9765,9766,9767,9768,9769,9770,9771,9772,9773,9774,9775,9776,9777,9783,9789,9795,980,9801,9810,9818,9826,9827,9828,9829,9830,9831,9832,9833,9834,9835,9836,9837,9838,9839,9840,9841,9842,9843,9844,9845,9846,9847,9848,9849,9850,9851,9852,9853,9854,9855,9856,9857,9858,9859,9860,9861,9862,9863,9864,9865,9866,9867,9868,9869,9870,9871,9872,9873,9874,9875,9876,9877,9878,9879,9880,9881,9882,9883,9884,9885,9886,9887,9888,9889,9890,9891,9892,9900,9901,9902,9910,9918,9919,9920,9921,9922,9923,9924,9925,9926,9927,9928,9929,9930,9931,9932,9933,9934,9935,9936,9937,9938,9939,9940,9941,9942,9943,9944,9945,9946,9947,9948,9949,9950,9951,9952,9953,9954,9955,9956,9957,9958,9969,9971,9983,9985,9989,9991,9993"
DONE
Parsing file "cosa/reset_procedure.ets"... 
DONE
Parsing file "cosa/init.ssts"... 
DONE
Parsing file "cosa/state_copy.ssts"... 
DONE
Parsing file "cosa/nop_m.ssts"... 
DONE
Statistics (System 1):
  Variables:	6257
  StateVars:	1860
  Inputs:	3
  Outputs:	0

*** Analyzing problem "Single Instruction for ADDI" ***
Adding clock behavior "DetClock(clk, 1)"
WARNING: Using default_initial_value with arrays, but btor does not support constant arrays. Any assumptions on initial array values will have to be done manually
Set 1307/1860 state elements to zero in initial state

[runlim] sample:		10.5 time, 30.7 real, 453.7 MB
[runlim] sample:		20.5 time, 40.7 real, 684.0 MB
[runlim] sample:		30.5 time, 50.7 real, 886.7 MB
[runlim] sample:		40.5 time, 60.7 real, 1071.4 MB
[runlim] sample:		50.5 time, 70.7 real, 1301.0 MB
[runlim] sample:		60.5 time, 80.7 real, 1538.4 MB
[runlim] sample:		70.5 time, 90.7 real, 1772.9 MB
[runlim] sample:		80.4 time, 100.7 real, 1997.5 MB
[runlim] sample:		90.5 time, 110.7 real, 1994.0 MB
[runlim] sample:		100.4 time, 120.7 real, 2202.3 MB
[runlim] sample:		110.4 time, 130.7 real, 2398.5 MB

Solving for k=20
No counterexample found with k=20

Solving for k=21
No counterexample found with k=21

Solving for k=22
[runlim] sample:		120.4 time, 140.7 real, 2557.4 MB
No counterexample found with k=22

Solving for k=23
[runlim] sample:		130.4 time, 150.7 real, 2693.4 MB
No counterexample found with k=23

Solving for k=24
No counterexample found with k=24

Solving for k=25
No counterexample found with k=25

*** Problem "Single Instruction for ADDI" is UNKNOWN ***

*** Analyzing problem "Single Instruction for ANDI" ***
Adding clock behavior "DetClock(clk, 1)"
Set 0/1860 state elements to zero in initial state

[runlim] sample:		140.4 time, 160.7 real, 3119.0 MB
[runlim] sample:		150.4 time, 170.7 real, 3352.1 MB
[runlim] sample:		160.4 time, 180.7 real, 3555.3 MB
[runlim] sample:		170.4 time, 190.7 real, 3795.1 MB
[runlim] sample:		180.4 time, 200.7 real, 3896.9 MB
[runlim] sample:		190.4 time, 210.7 real, 4152.8 MB
[runlim] sample:		200.4 time, 220.7 real, 4380.8 MB
[runlim] sample:		210.4 time, 230.7 real, 4548.4 MB
[runlim] sample:		220.4 time, 240.7 real, 3878.7 MB
[runlim] sample:		230.4 time, 250.7 real, 3892.7 MB
[runlim] sample:		240.4 time, 260.7 real, 3908.5 MB

Solving for k=20
No counterexample found with k=20

Solving for k=21
No counterexample found with k=21

Solving for k=22
No counterexample found with k=22
[runlim] sample:		250.4 time, 270.7 real, 3894.2 MB

Solving for k=23
No counterexample found with k=23

Solving for k=24
No counterexample found with k=24

Solving for k=25
No counterexample found with k=25

*** Problem "Single Instruction for ANDI" is UNKNOWN ***

*** Analyzing problem "Single Instruction For ORI" ***
Adding clock behavior "DetClock(clk, 1)"
Set 0/1860 state elements to zero in initial state

[runlim] sample:		260.4 time, 280.7 real, 3924.0 MB
[runlim] sample:		270.4 time, 290.7 real, 3950.1 MB
[runlim] sample:		280.4 time, 300.7 real, 3963.1 MB
[runlim] sample:		290.4 time, 310.7 real, 3977.9 MB
[runlim] sample:		300.4 time, 320.7 real, 4070.8 MB
[runlim] sample:		310.3 time, 330.7 real, 4022.0 MB
[runlim] sample:		320.3 time, 340.7 real, 3642.4 MB
[runlim] sample:		330.3 time, 350.7 real, 3647.6 MB
[runlim] sample:		340.3 time, 360.7 real, 3626.8 MB
[runlim] sample:		350.3 time, 370.7 real, 3634.7 MB
[runlim] sample:		360.3 time, 380.7 real, 3644.5 MB

Solving for k=20
No counterexample found with k=20

Solving for k=21
No counterexample found with k=21

Solving for k=22
No counterexample found with k=22
[runlim] sample:		370.3 time, 390.7 real, 3625.5 MB

Solving for k=23
No counterexample found with k=23

Solving for k=24
No counterexample found with k=24

Solving for k=25
No counterexample found with k=25

*** Problem "Single Instruction For ORI" is UNKNOWN ***

*** Analyzing problem "Single Instruction for XORI" ***
Adding clock behavior "DetClock(clk, 1)"
Set 0/1860 state elements to zero in initial state

[runlim] sample:		380.3 time, 400.7 real, 3662.9 MB
[runlim] sample:		390.3 time, 410.7 real, 3676.2 MB
[runlim] sample:		400.3 time, 420.7 real, 3689.3 MB
[runlim] sample:		410.3 time, 430.7 real, 3430.1 MB
[runlim] sample:		420.3 time, 440.7 real, 3430.1 MB
[runlim] sample:		430.3 time, 450.7 real, 3430.3 MB
[runlim] sample:		440.3 time, 460.7 real, 3439.1 MB
[runlim] sample:		450.3 time, 470.7 real, 3443.5 MB
[runlim] sample:		460.3 time, 480.7 real, 3452.3 MB
[runlim] sample:		470.3 time, 490.7 real, 3456.6 MB
[runlim] sample:		480.3 time, 500.7 real, 3461.1 MB

Solving for k=20
No counterexample found with k=20

Solving for k=21
No counterexample found with k=21

Solving for k=22
[runlim] sample:		490.3 time, 510.7 real, 3469.8 MB
No counterexample found with k=22

Solving for k=23
No counterexample found with k=23

Solving for k=24
[runlim] sample:		500.2 time, 520.7 real, 3478.6 MB
No counterexample found with k=24

Solving for k=25
No counterexample found with k=25

*** Problem "Single Instruction for XORI" is UNKNOWN ***

*** Analyzing problem "Single Instruction for SLLI" ***
Adding clock behavior "DetClock(clk, 1)"
Set 0/1860 state elements to zero in initial state

[runlim] sample:		510.2 time, 530.7 real, 3486.6 MB
[runlim] sample:		520.2 time, 540.7 real, 3536.8 MB
[runlim] sample:		530.2 time, 550.7 real, 3734.9 MB
[runlim] sample:		540.2 time, 560.7 real, 3864.6 MB
[runlim] sample:		550.2 time, 570.7 real, 4052.6 MB
[runlim] sample:		560.2 time, 580.7 real, 4394.4 MB
[runlim] sample:		570.2 time, 590.7 real, 4450.8 MB
[runlim] sample:		580.2 time, 600.7 real, 4629.3 MB
[runlim] sample:		590.2 time, 610.7 real, 4790.1 MB
[runlim] sample:		600.2 time, 620.7 real, 4901.9 MB

Solving for k=20
No counterexample found with k=20

Solving for k=21
No counterexample found with k=21
[runlim] sample:		610.2 time, 630.7 real, 5023.1 MB

Solving for k=22
No counterexample found with k=22
[runlim] sample:		620.2 time, 640.7 real, 4927.7 MB

Solving for k=23
No counterexample found with k=23

Solving for k=24
No counterexample found with k=24

Solving for k=25
No counterexample found with k=25

*** Problem "Single Instruction for SLLI" is UNKNOWN ***

*** Analyzing problem "Single Instruction for SRLI" ***
Adding clock behavior "DetClock(clk, 1)"
Set 0/1860 state elements to zero in initial state

[runlim] sample:		630.2 time, 650.7 real, 4932.8 MB
[runlim] sample:		640.2 time, 660.7 real, 4941.7 MB
[runlim] sample:		650.2 time, 670.7 real, 4954.9 MB
[runlim] sample:		660.2 time, 680.7 real, 4968.1 MB
[runlim] sample:		670.2 time, 690.7 real, 4978.8 MB
[runlim] sample:		680.2 time, 700.7 real, 4989.9 MB
[runlim] sample:		690.2 time, 710.7 real, 4998.6 MB
[runlim] sample:		700.1 time, 720.7 real, 5003.0 MB
[runlim] sample:		710.1 time, 730.7 real, 4498.5 MB
[runlim] sample:		720.1 time, 740.7 real, 4498.5 MB

Solving for k=20
No counterexample found with k=20

Solving for k=21
[runlim] sample:		730.1 time, 750.7 real, 4498.5 MB
No counterexample found with k=21

Solving for k=22
No counterexample found with k=22

Solving for k=23
[runlim] sample:		740.1 time, 760.7 real, 4498.5 MB
No counterexample found with k=23

Solving for k=24
No counterexample found with k=24

Solving for k=25
No counterexample found with k=25

*** Problem "Single Instruction for SRLI" is UNKNOWN ***

*** Analyzing problem "Single Instruction for SRAI" ***
Adding clock behavior "DetClock(clk, 1)"
Set 0/1860 state elements to zero in initial state

[runlim] sample:		750.1 time, 770.7 real, 4516.7 MB
[runlim] sample:		760.1 time, 780.7 real, 4525.5 MB
[runlim] sample:		770.1 time, 790.7 real, 4538.7 MB
[runlim] sample:		780.1 time, 800.7 real, 4551.9 MB
[runlim] sample:		790.1 time, 810.7 real, 4565.0 MB
[runlim] sample:		800.1 time, 820.7 real, 4488.8 MB
[runlim] sample:		810.1 time, 830.7 real, 4488.8 MB
[runlim] sample:		820.1 time, 840.7 real, 4488.8 MB
[runlim] sample:		830.1 time, 850.7 real, 4488.8 MB
[runlim] sample:		840.1 time, 860.7 real, 4488.8 MB

Solving for k=20
No counterexample found with k=20
[runlim] sample:		850.1 time, 870.7 real, 4488.8 MB

Solving for k=21
No counterexample found with k=21

Solving for k=22
No counterexample found with k=22

Solving for k=23
[runlim] sample:		860.1 time, 880.7 real, 4496.9 MB
No counterexample found with k=23

Solving for k=24
No counterexample found with k=24

Solving for k=25
No counterexample found with k=25

*** Problem "Single Instruction for SRAI" is UNKNOWN ***

*** Analyzing problem "Single Instruction for SLTIU" ***
Adding clock behavior "DetClock(clk, 1)"
Set 0/1860 state elements to zero in initial state

[runlim] sample:		870.1 time, 890.7 real, 4518.7 MB
[runlim] sample:		880.1 time, 900.7 real, 4528.4 MB
[runlim] sample:		890.1 time, 910.7 real, 4541.5 MB
[runlim] sample:		900.1 time, 920.7 real, 4469.7 MB
[runlim] sample:		910.0 time, 930.7 real, 4469.7 MB
[runlim] sample:		920.0 time, 940.7 real, 4469.7 MB
[runlim] sample:		930.0 time, 950.7 real, 4469.7 MB
[runlim] sample:		940.0 time, 960.7 real, 4473.0 MB
[runlim] sample:		950.0 time, 970.7 real, 4477.5 MB
[runlim] sample:		960.0 time, 980.7 real, 4481.8 MB
[runlim] sample:		970.0 time, 990.7 real, 4486.1 MB

Solving for k=20
No counterexample found with k=20

Solving for k=21
No counterexample found with k=21

Solving for k=22
[runlim] sample:		980.0 time, 1000.7 real, 4495.1 MB
No counterexample found with k=22

Solving for k=23
No counterexample found with k=23

Solving for k=24
No counterexample found with k=24
[runlim] sample:		990.0 time, 1010.7 real, 4507.7 MB

Solving for k=25
No counterexample found with k=25

*** Problem "Single Instruction for SLTIU" is UNKNOWN ***

*** Analyzing problem "Single Instruction for SLTI" ***
Adding clock behavior "DetClock(clk, 1)"
Set 0/1860 state elements to zero in initial state

[runlim] sample:		1000.0 time, 1020.7 real, 4512.0 MB
[runlim] sample:		1010.0 time, 1030.7 real, 4525.3 MB
[runlim] sample:		1020.0 time, 1040.7 real, 4538.4 MB
[runlim] sample:		1030.0 time, 1050.7 real, 4551.4 MB
[runlim] sample:		1040.0 time, 1060.7 real, 4560.2 MB
[runlim] sample:		1050.0 time, 1070.7 real, 4571.6 MB
[runlim] sample:		1060.0 time, 1080.7 real, 4586.4 MB
[runlim] sample:		1070.0 time, 1090.7 real, 4756.8 MB
[runlim] sample:		1080.0 time, 1100.7 real, 4665.7 MB
[runlim] sample:		1090.0 time, 1110.7 real, 4875.8 MB
[runlim] sample:		1100.0 time, 1120.7 real, 4932.0 MB

Solving for k=20
No counterexample found with k=20

Solving for k=21
No counterexample found with k=21

Solving for k=22
[runlim] sample:		1110.0 time, 1130.7 real, 4883.9 MB
[runlim] sample:		1120.0 time, 1140.7 real, 4888.7 MB
No counterexample found with k=22

Solving for k=23
No counterexample found with k=23

Solving for k=24
No counterexample found with k=24

Solving for k=25
No counterexample found with k=25

*** Problem "Single Instruction for SLTI" is UNKNOWN ***

*** Analyzing problem "Single Instruction for ADD" ***
Adding clock behavior "DetClock(clk, 1)"
Set 0/1860 state elements to zero in initial state

[runlim] sample:		1130.0 time, 1150.7 real, 5019.7 MB
[runlim] sample:		1140.0 time, 1160.7 real, 5019.7 MB
[runlim] sample:		1150.0 time, 1170.7 real, 5019.7 MB
[runlim] sample:		1160.0 time, 1180.7 real, 5034.2 MB
[runlim] sample:		1169.9 time, 1190.7 real, 5043.0 MB
[runlim] sample:		1179.9 time, 1200.7 real, 5055.2 MB
[runlim] sample:		1189.9 time, 1210.7 real, 5060.6 MB
[runlim] sample:		1199.9 time, 1220.7 real, 5069.2 MB
[runlim] sample:		1209.9 time, 1230.7 real, 4565.4 MB
[runlim] sample:		1219.9 time, 1240.7 real, 4565.4 MB
[runlim] sample:		1229.9 time, 1250.7 real, 4565.4 MB

Solving for k=20
No counterexample found with k=20

Solving for k=21
No counterexample found with k=21

Solving for k=22
[runlim] sample:		1239.9 time, 1260.7 real, 4565.4 MB
No counterexample found with k=22

Solving for k=23
No counterexample found with k=23

Solving for k=24
No counterexample found with k=24
[runlim] sample:		1249.9 time, 1270.7 real, 4565.4 MB

Solving for k=25
No counterexample found with k=25

*** Problem "Single Instruction for ADD" is UNKNOWN ***

*** Analyzing problem "Single Instruction for SUB" ***
Adding clock behavior "DetClock(clk, 1)"
Set 0/1860 state elements to zero in initial state

[runlim] sample:		1259.9 time, 1280.7 real, 4583.0 MB
[runlim] sample:		1269.9 time, 1290.7 real, 4596.2 MB
[runlim] sample:		1279.9 time, 1300.7 real, 4609.4 MB
[runlim] sample:		1289.9 time, 1310.7 real, 4622.4 MB
[runlim] sample:		1299.9 time, 1320.7 real, 4633.2 MB
[runlim] sample:		1309.9 time, 1330.7 real, 4577.6 MB
[runlim] sample:		1319.9 time, 1340.7 real, 4577.6 MB
[runlim] sample:		1329.9 time, 1350.7 real, 4577.6 MB
[runlim] sample:		1339.9 time, 1360.7 real, 4577.6 MB
[runlim] sample:		1349.8 time, 1370.7 real, 4577.6 MB
[runlim] sample:		1359.8 time, 1380.7 real, 4577.6 MB

Solving for k=20
No counterexample found with k=20

Solving for k=21
No counterexample found with k=21

Solving for k=22
[runlim] sample:		1369.8 time, 1390.7 real, 4577.6 MB
No counterexample found with k=22

Solving for k=23
No counterexample found with k=23

Solving for k=24
No counterexample found with k=24

Solving for k=25
No counterexample found with k=25

*** Problem "Single Instruction for SUB" is UNKNOWN ***

*** Analyzing problem "Single Instruction for AND" ***
[runlim] sample:		1379.8 time, 1400.7 real, 4575.4 MB
Adding clock behavior "DetClock(clk, 1)"
Set 0/1860 state elements to zero in initial state

[runlim] sample:		1389.8 time, 1410.7 real, 4595.5 MB
[runlim] sample:		1399.8 time, 1420.7 real, 4613.0 MB
[runlim] sample:		1409.8 time, 1430.7 real, 4561.8 MB
[runlim] sample:		1419.8 time, 1440.7 real, 4561.8 MB
[runlim] sample:		1429.8 time, 1450.7 real, 4561.8 MB
[runlim] sample:		1439.8 time, 1460.7 real, 4561.8 MB
[runlim] sample:		1449.8 time, 1470.7 real, 4561.8 MB
[runlim] sample:		1459.8 time, 1480.7 real, 4561.8 MB
[runlim] sample:		1469.8 time, 1490.7 real, 4561.8 MB
[runlim] sample:		1479.8 time, 1500.7 real, 4561.8 MB

Solving for k=20
No counterexample found with k=20

Solving for k=21
No counterexample found with k=21
[runlim] sample:		1489.8 time, 1510.7 real, 4561.8 MB

Solving for k=22
No counterexample found with k=22

Solving for k=23
No counterexample found with k=23

Solving for k=24
[runlim] sample:		1499.8 time, 1520.7 real, 4575.0 MB
No counterexample found with k=24

Solving for k=25
No counterexample found with k=25

*** Problem "Single Instruction for AND" is UNKNOWN ***

*** Analyzing problem "Single Instruction For OR" ***
Adding clock behavior "DetClock(clk, 1)"
Set 0/1860 state elements to zero in initial state

[runlim] sample:		1509.8 time, 1530.7 real, 4578.2 MB
[runlim] sample:		1519.8 time, 1540.7 real, 4591.4 MB
[runlim] sample:		1529.8 time, 1550.7 real, 4604.7 MB
[runlim] sample:		1539.8 time, 1560.7 real, 4617.7 MB
[runlim] sample:		1549.8 time, 1570.7 real, 4626.4 MB
[runlim] sample:		1559.7 time, 1580.7 real, 4635.2 MB
[runlim] sample:		1569.7 time, 1590.7 real, 4644.2 MB
[runlim] sample:		1579.7 time, 1600.7 real, 4738.7 MB
[runlim] sample:		1589.7 time, 1610.7 real, 4844.9 MB
[runlim] sample:		1599.7 time, 1620.7 real, 4977.7 MB

Solving for k=20
No counterexample found with k=20

Solving for k=21
[runlim] sample:		1609.7 time, 1630.7 real, 5027.2 MB
No counterexample found with k=21

Solving for k=22
[runlim] sample:		1619.7 time, 1640.7 real, 4968.4 MB
No counterexample found with k=22

Solving for k=23
No counterexample found with k=23
[runlim] sample:		1629.7 time, 1650.7 real, 4994.8 MB

Solving for k=24
No counterexample found with k=24

Solving for k=25
No counterexample found with k=25

*** Problem "Single Instruction For OR" is UNKNOWN ***

*** Analyzing problem "Single Instruction for XOR" ***
Adding clock behavior "DetClock(clk, 1)"
Set 0/1860 state elements to zero in initial state

[runlim] sample:		1639.7 time, 1660.7 real, 5054.1 MB
[runlim] sample:		1649.7 time, 1670.7 real, 5054.1 MB
[runlim] sample:		1659.7 time, 1680.7 real, 5054.1 MB
[runlim] sample:		1669.7 time, 1690.7 real, 5054.1 MB
[runlim] sample:		1679.7 time, 1700.7 real, 5061.9 MB
[runlim] sample:		1689.7 time, 1710.7 real, 5070.7 MB
[runlim] sample:		1699.7 time, 1720.7 real, 5079.6 MB
[runlim] sample:		1709.7 time, 1730.7 real, 5086.3 MB
[runlim] sample:		1719.7 time, 1740.7 real, 4704.7 MB
[runlim] sample:		1729.7 time, 1750.7 real, 4704.7 MB
[runlim] sample:		1739.7 time, 1760.7 real, 4704.7 MB

Solving for k=20
No counterexample found with k=20

Solving for k=21
No counterexample found with k=21

Solving for k=22
No counterexample found with k=22

Solving for k=23
[runlim] sample:		1749.7 time, 1770.7 real, 4704.7 MB
No counterexample found with k=23

Solving for k=24
No counterexample found with k=24

Solving for k=25
No counterexample found with k=25

*** Problem "Single Instruction for XOR" is UNKNOWN ***

*** Analyzing problem "Single Instruction for SLL" ***
Adding clock behavior "DetClock(clk, 1)"
Set 0/1860 state elements to zero in initial state

[runlim] sample:		1759.7 time, 1780.7 real, 4722.4 MB
[runlim] sample:		1769.7 time, 1790.7 real, 4731.1 MB
[runlim] sample:		1779.7 time, 1800.7 real, 4744.2 MB
[runlim] sample:		1789.6 time, 1810.7 real, 4757.4 MB
[runlim] sample:		1799.6 time, 1820.7 real, 4770.6 MB
[runlim] sample:		1809.6 time, 1830.7 real, 4734.7 MB
[runlim] sample:		1819.6 time, 1840.7 real, 4734.7 MB
[runlim] sample:		1829.6 time, 1850.7 real, 4734.7 MB
[runlim] sample:		1839.6 time, 1860.7 real, 4734.7 MB
[runlim] sample:		1849.6 time, 1870.7 real, 4734.7 MB
[runlim] sample:		1859.6 time, 1880.7 real, 4734.7 MB

Solving for k=20
No counterexample found with k=20

Solving for k=21
No counterexample found with k=21

Solving for k=22
[runlim] sample:		1869.6 time, 1890.7 real, 4734.7 MB
No counterexample found with k=22

Solving for k=23
No counterexample found with k=23

Solving for k=24
No counterexample found with k=24
[runlim] sample:		1879.6 time, 1900.7 real, 4734.7 MB

Solving for k=25
No counterexample found with k=25

*** Problem "Single Instruction for SLL" is UNKNOWN ***

*** Analyzing problem "Single Instruction for SRL" ***
Adding clock behavior "DetClock(clk, 1)"
Set 0/1860 state elements to zero in initial state

[runlim] sample:		1889.6 time, 1910.7 real, 4732.4 MB
[runlim] sample:		1899.6 time, 1920.7 real, 4741.1 MB
[runlim] sample:		1909.6 time, 1930.7 real, 4698.3 MB
[runlim] sample:		1919.6 time, 1940.7 real, 4575.2 MB
[runlim] sample:		1929.6 time, 1950.7 real, 4575.2 MB
[runlim] sample:		1939.6 time, 1960.7 real, 4575.2 MB
[runlim] sample:		1949.6 time, 1970.7 real, 4575.2 MB
[runlim] sample:		1959.6 time, 1980.7 real, 4575.2 MB
[runlim] sample:		1969.6 time, 1990.7 real, 4575.2 MB
[runlim] sample:		1979.6 time, 2000.7 real, 4575.2 MB

Solving for k=20
No counterexample found with k=20
[runlim] sample:		1989.6 time, 2010.7 real, 4575.2 MB

Solving for k=21
No counterexample found with k=21

Solving for k=22
[runlim] sample:		1999.5 time, 2020.7 real, 4580.1 MB
No counterexample found with k=22

Solving for k=23
No counterexample found with k=23

Solving for k=24
No counterexample found with k=24

Solving for k=25
[runlim] sample:		2009.5 time, 2030.7 real, 4593.2 MB
No counterexample found with k=25

*** Problem "Single Instruction for SRL" is UNKNOWN ***

*** Analyzing problem "Single Instruction for SRA" ***
Adding clock behavior "DetClock(clk, 1)"
Set 0/1860 state elements to zero in initial state

[runlim] sample:		2019.5 time, 2040.7 real, 4597.8 MB
[runlim] sample:		2029.5 time, 2050.7 real, 4612.1 MB
[runlim] sample:		2039.5 time, 2060.7 real, 4623.7 MB
[runlim] sample:		2049.5 time, 2070.7 real, 4634.3 MB
[runlim] sample:		2059.5 time, 2080.7 real, 4646.0 MB
[runlim] sample:		2069.5 time, 2090.7 real, 4656.1 MB
[runlim] sample:		2079.5 time, 2100.7 real, 4660.5 MB
[runlim] sample:		2089.5 time, 2110.7 real, 4743.6 MB
[runlim] sample:		2099.5 time, 2120.7 real, 4772.3 MB
[runlim] sample:		2109.5 time, 2130.7 real, 4997.7 MB

Solving for k=20
No counterexample found with k=20

Solving for k=21
No counterexample found with k=21

Solving for k=22
[runlim] sample:		2119.5 time, 2140.7 real, 5006.5 MB
No counterexample found with k=22
[runlim] sample:		2129.5 time, 2150.7 real, 4977.0 MB

Solving for k=23
No counterexample found with k=23

Solving for k=24
No counterexample found with k=24

Solving for k=25
No counterexample found with k=25

*** Problem "Single Instruction for SRA" is UNKNOWN ***

*** Analyzing problem "Single Instruction for SLTU" ***
Adding clock behavior "DetClock(clk, 1)"
Set 0/1860 state elements to zero in initial state

[runlim] sample:		2139.5 time, 2160.7 real, 5060.3 MB
[runlim] sample:		2149.5 time, 2170.7 real, 5060.3 MB
[runlim] sample:		2159.5 time, 2180.7 real, 5060.3 MB
[runlim] sample:		2169.4 time, 2190.7 real, 5060.3 MB
[runlim] sample:		2179.4 time, 2200.7 real, 5060.3 MB
[runlim] sample:		2189.4 time, 2210.7 real, 5067.0 MB
[runlim] sample:		2199.4 time, 2220.7 real, 5071.2 MB
[runlim] sample:		2209.4 time, 2230.7 real, 5079.9 MB
[runlim] sample:		2219.3 time, 2240.7 real, 4713.3 MB
[runlim] sample:		2229.3 time, 2250.7 real, 4713.3 MB
[runlim] sample:		2239.3 time, 2260.7 real, 4713.3 MB

Solving for k=20
No counterexample found with k=20

Solving for k=21
No counterexample found with k=21

Solving for k=22
[runlim] sample:		2249.3 time, 2270.7 real, 4713.3 MB
No counterexample found with k=22

Solving for k=23
No counterexample found with k=23

Solving for k=24
[runlim] sample:		2259.3 time, 2280.7 real, 4713.3 MB
No counterexample found with k=24

Solving for k=25
No counterexample found with k=25

*** Problem "Single Instruction for SLTU" is UNKNOWN ***

*** Analyzing problem "Single Instruction for SLT" ***
Adding clock behavior "DetClock(clk, 1)"
Set 0/1860 state elements to zero in initial state

[runlim] sample:		2269.3 time, 2290.7 real, 4724.5 MB
[runlim] sample:		2279.3 time, 2300.7 real, 4737.7 MB
[runlim] sample:		2289.3 time, 2310.7 real, 4750.9 MB
[runlim] sample:		2299.3 time, 2320.7 real, 4764.2 MB
[runlim] sample:		2309.3 time, 2330.7 real, 4772.8 MB
[runlim] sample:		2319.3 time, 2340.7 real, 4753.6 MB
[runlim] sample:		2329.3 time, 2350.7 real, 4753.6 MB
[runlim] sample:		2339.3 time, 2360.7 real, 4753.6 MB
[runlim] sample:		2349.3 time, 2370.7 real, 4753.6 MB
[runlim] sample:		2359.3 time, 2380.7 real, 4753.6 MB

Solving for k=20
No counterexample found with k=20

Solving for k=21
No counterexample found with k=21

Solving for k=22
[runlim] sample:		2369.3 time, 2390.7 real, 4753.6 MB
[runlim] sample:		2379.3 time, 2400.7 real, 4753.6 MB
No counterexample found with k=22

Solving for k=23
[runlim] sample:		2389.3 time, 2410.7 real, 4753.6 MB
No counterexample found with k=23

Solving for k=24
No counterexample found with k=24

Solving for k=25
No counterexample found with k=25

*** Problem "Single Instruction for SLT" is UNKNOWN ***

*** SUMMARY ***

** Problem Single Instruction for ADDI **
Description: "Check for Single Instruction"
Formula: (reset_done -> ((state_counter = 22_10) -> ((val1 + imm_copy) = pipe.aregfile.regfile.mem[rd_copy])))
Result: UNKNOWN
BMC depth: 25

** Problem Single Instruction for ANDI **
Description: "Check for Single Instruction"
Formula: (reset_done -> ((state_counter = 22_10) -> ((val1 & imm_copy) = pipe.aregfile.regfile.mem[rd_copy])))
Result: UNKNOWN
BMC depth: 25

** Problem Single Instruction For ORI **
Description: "Check for Single Instruction"
Formula: (reset_done -> ((state_counter = 22_10) -> ((val1 | imm_copy) = pipe.aregfile.regfile.mem[rd_copy])))
Result: UNKNOWN
BMC depth: 25

** Problem Single Instruction for XORI **
Description: "Check for Single Instruction"
Formula: (reset_done -> ((state_counter = 22_10) -> ((val1 xor imm_copy) = pipe.aregfile.regfile.mem[rd_copy])))
Result: UNKNOWN
BMC depth: 25

** Problem Single Instruction for SLLI **
Description: "Check for Single Instruction"
Formula: (reset_done -> ((state_counter = 22_10) -> ((val1 << shimm_copy) = pipe.aregfile.regfile.mem[rd_copy])))
Result: UNKNOWN
BMC depth: 25

** Problem Single Instruction for SRLI **
Description: "Check for Single Instruction"
Formula: (reset_done -> ((state_counter = 22_10) -> ((val1 >> shimm_copy) = pipe.aregfile.regfile.mem[rd_copy])))
Result: UNKNOWN
BMC depth: 25

** Problem Single Instruction for SRAI **
Description: "Check for Single Instruction"
Formula: (reset_done -> ((state_counter = 22_10) -> ((val1 a>> shimm_copy) = pipe.aregfile.regfile.mem[rd_copy])))
Result: UNKNOWN
BMC depth: 25

** Problem Single Instruction for SLTIU **
Description: "Check for Single Instruction"
Formula: (reset_done -> (((state_counter = 22_10) & (val1 u< imm_copy)) -> (pipe.aregfile.regfile.mem[rd_copy] = 1_32)))
Result: UNKNOWN
BMC depth: 25

** Problem Single Instruction for SLTI **
Description: "Check for Single Instruction"
Formula: (reset_done -> (((state_counter = 22_10) & (val1 s< imm_copy)) -> (pipe.aregfile.regfile.mem[rd_copy] = 1_32)))
Result: UNKNOWN
BMC depth: 25

** Problem Single Instruction for ADD **
Description: "Check for Single Instruction"
Formula: (reset_done -> ((state_counter = 22_10) -> ((val1 + val2) = pipe.aregfile.regfile.mem[rd_copy])))
Result: UNKNOWN
BMC depth: 25

** Problem Single Instruction for SUB **
Description: "Check for Single Instruction"
Formula: (reset_done -> ((state_counter = 22_10) -> ((val1 - val2) = pipe.aregfile.regfile.mem[rd_copy])))
Result: UNKNOWN
BMC depth: 25

** Problem Single Instruction for AND **
Description: "Check for Single Instruction"
Formula: (reset_done -> ((state_counter = 22_10) -> ((val1 & val2) = pipe.aregfile.regfile.mem[rd_copy])))
Result: UNKNOWN
BMC depth: 25

** Problem Single Instruction For OR **
Description: "Check for Single Instruction"
Formula: (reset_done -> ((state_counter = 22_10) -> ((val1 | val2) = pipe.aregfile.regfile.mem[rd_copy])))
Result: UNKNOWN
BMC depth: 25

** Problem Single Instruction for XOR **
Description: "Check for Single Instruction"
Formula: (reset_done -> ((state_counter = 22_10) -> ((val1 xor val2) = pipe.aregfile.regfile.mem[rd_copy])))
Result: UNKNOWN
BMC depth: 25

** Problem Single Instruction for SLL **
Description: "Check for Single Instruction"
Formula: (reset_done -> ((state_counter = 22_10) -> ((val1 << shimm2_copy) = pipe.aregfile.regfile.mem[rd_copy])))
Result: UNKNOWN
BMC depth: 25

** Problem Single Instruction for SRL **
Description: "Check for Single Instruction"
Formula: (reset_done -> ((state_counter = 22_10) -> ((val1 >> shimm2_copy) = pipe.aregfile.regfile.mem[rd_copy])))
Result: UNKNOWN
BMC depth: 25

** Problem Single Instruction for SRA **
Description: "Check for Single Instruction"
Formula: (reset_done -> ((state_counter = 22_10) -> ((val1 a>> shimm2_copy) = pipe.aregfile.regfile.mem[rd_copy])))
Result: UNKNOWN
BMC depth: 25

** Problem Single Instruction for SLTU **
Description: "Check for Single Instruction"
Formula: (reset_done -> (((state_counter = 22_10) & (val1 u< val2)) -> (pipe.aregfile.regfile.mem[rd_copy] = 1_32)))
Result: UNKNOWN
BMC depth: 25

** Problem Single Instruction for SLT **
Description: "Check for Single Instruction"
Formula: (reset_done -> (((state_counter = 22_10) & (val1 s< val2)) -> (pipe.aregfile.regfile.mem[rd_copy] = 1_32)))
Result: UNKNOWN
BMC depth: 25
[runlim] sample:		2399.3 time, 2420.7 real, 4693.0 MB
[runlim] end:			Wed Apr  3 09:52:04 2019
[runlim] status:		ok
[runlim] result:		0
[runlim] children:		390
[runlim] real:			2424.34 seconds
[runlim] time:			2402.85 seconds
[runlim] space:			5086.3 MB
[runlim] samples:		24236
